(+inf.0 3)
(+inf.0 3)
(438313825364423623846133760.00 199)
(+inf.0 3)
(12315796013370469492009168011264.00 25)
(+inf.0 221)
(438760790484043548973858816.00 171)
(7973715871191993720086986752.00 9)
(+inf.0 193)
(438313825364423623846133760.00 199)
(+inf.0 213)
(7973715871201636437062582272.00 3)
(+inf.0 11)
(7973715871253069391986688000.00 7)
(7973715871198421465062965248.00 5)
(+inf.0 3)
(+inf.0 25)
(671814140416146449039884288.00 167)
(438313825360743627147444224.00 191)
(+inf.0 381)
(438760790487909638015549440.00 187)
(438760790485880420587012096.00 175)
(+inf.0 5)
(+inf.0 3)
(438313825363497216580255744.00 197)
(438313825363500377676185600.00 197)
(7973715871228961500036071424.00 23)
(+inf.0 13)
(+inf.0 3)
(+inf.0 19)
(8325358652057536514502950912.00 19)
(+inf.0 201)
(+inf.0 3)
(+inf.0 209)
(+inf.0 3)
(438760790489537121383088128.00 183)
(6725891470177141315250159616.00 357)
(7973715875247275177813213184.00 19)
(438313825361843413653127168.00 197)
(+inf.0 3)
(438322857196829903629058048.00 203)
(438313825359881403872837632.00 193)
(438313825362583659856527360.00 195)
(438313825360746788243374080.00 191)
(+inf.0 179)
(+inf.0 7)
(438760790481480656088989696.00 173)
(+inf.0 29)
(671814140416062061522452480.00 167)
(+inf.0 189)
(7973715871204851409062199296.00 7)
(7973715871201636437062582272.00 3)
(+inf.0 199)
(+inf.0 335)
(438760790490274481368465408.00 177)
(+inf.0 9)
(438760790488635728006742016.00 181)
(+inf.0 23)
(438760790487042329499664384.00 175)
(7973715871144846661487951872.00 13)
(+inf.0 197)
(671814140415616484435296256.00 163)
(7973715871195208692086603776.00 7)
(438322857185626773495218176.00 191)
(438322857184710055675559936.00 189)
(7973715871198421465062965248.00 5)
(+inf.0 3)
(438760790486798718954635264.00 177)
(7973715871198421465062965248.00 5)
(+inf.0 211)
(+inf.0 209)
(+inf.0 3)
(7973715871195208692086603776.00 7)
(+inf.0 399)
(7973715871188778748087369728.00 11)
(7973715871198421465062965248.00 5)
(438313825362583659856527360.00 195)
(438313825362580498760597504.00 195)
(+inf.0 195)
(+inf.0 209)
(438313825360743627147444224.00 191)
(+inf.0 213)
(+inf.0 395)
(+inf.0 21)
(+inf.0 3)
(+inf.0 17)
(+inf.0 375)
(+inf.0 13)
(438313825363500377676185600.00 197)
(438760790484961984780435456.00 179)
(438760790486798718954635264.00 187)
(+inf.0 5)
(+inf.0 23)
(438313825359132086698508288.00 215)
(7973715871210565570991751168.00 17)
(7973715871201636437062582272.00 3)
(+inf.0 5)
(438760790485874579431489536.00 175)
(438313825364182143604883456.00 199)
(7973715871201636437062582272.00 3)
(438313825361763424182206464.00 205)
(7973715871201636437062582272.00 7)
(7973715871198421465062965248.00 9)
(438313825364420394030727168.00 199)
(+inf.0 209)
(+inf.0 233)
(+inf.0 389)
(+inf.0 3)
(+inf.0 375)
(+inf.0 207)
(+inf.0 387)
(+inf.0 381)
(+inf.0 373)
(7973715871201636437062582272.00 7)
(7973715871201636437062582272.00 3)
(438313825361663712221462528.00 193)
(+inf.0 391)
(438313825364420394030727168.00 199)
(438313825361666873317392384.00 193)
(+inf.0 385)
(438760790485880420587012096.00 175)
(+inf.0 205)
(438313825360743627147444224.00 191)
(7973715875250667171184902144.00 7)
(7973715871201636437062582272.00 3)
(7973715871198421465062965248.00 5)
(+inf.0 43)
(438760790484961984780435456.00 173)
(+inf.0 167)
(438760790486612145575297024.00 169)
(16215451980693500772601636556480970752.00 15)
(7973715871191993720086986752.00 9)
(438313825364417301654274048.00 199)
(7973715871198421465062965248.00 9)
(438313825361666873317392384.00 193)
(438760790485880420587012096.00 175)
(+inf.0 27)
(+inf.0 45)
(438760790500343190380347392.00 199)
(671814140415701146830635008.00 163)
(7973715871201636437062582272.00 3)
(+inf.0 3)
(+inf.0 383)
(671814140415701146830635008.00 163)
(671814140415881466737590272.00 165)
(438313825361663712221462528.00 193)
(+inf.0 383)
(438322857184710055675559936.00 189)
(438313825363503676211068928.00 197)
(+inf.0 19)
(+inf.0 385)
(7973715871201636437062582272.00 7)
(438760790484049183970951168.00 171)
(+inf.0 187)
(438322857185623474960334848.00 191)
(+inf.0 3)
(+inf.0 3)
(+inf.0 397)
(7973715871191993720086986752.00 9)
(438760790486793083957542912.00 177)
(438760790485880420587012096.00 175)
(671814140415881466737590272.00 165)
(+inf.0 3)
(438313825364420394030727168.00 199)
(7973715875237810581721317376.00 15)
(+inf.0 213)
(+inf.0 391)
(438313825348783414538403840.00 197)
(7973715871198421465062965248.00 5)
(7973715871201636437062582272.00 3)
(7973715871198421465062965248.00 5)
(+inf.0 211)
(+inf.0 197)
(+inf.0 3)
(438313825360006610759450624.00 193)
(438313825364420394030727168.00 199)
(7973715871201636437062582272.00 3)
(7973715875247454398208540672.00 9)
(438760790492275386372587520.00 193)
(7973715871198421465062965248.00 5)
(438313825361660551125532672.00 197)
(+inf.0 213)
(+inf.0 3)
(438760790483305982830051328.00 173)
(438322857183793269136424960.00 187)
(671814140415881466737590272.00 165)
(671814140415701146830635008.00 163)
(+inf.0 215)
(+inf.0 167)
(7973715871197350540737511424.00 9)
(438760790491456318929371136.00 197)
(+inf.0 391)
(+inf.0 223)
(438760790486793083957542912.00 183)
(7973715871140560765162881024.00 19)
(+inf.0 13)
(438313825364426853661540352.00 199)
(+inf.0 179)
(438304801630570843761278976.00 197)
(438313825362586889671933952.00 195)
(438313825362580498760597504.00 195)
(+inf.0 191)
(438760790484043548973858816.00 171)
(+inf.0 187)
(+inf.0 5)
(7973715875247454398208540672.00 9)
(+inf.0 195)
(7973715871195208692086603776.00 7)
(+inf.0 181)
(438322857186553112041619456.00 193)
(7973715871201636437062582272.00 3)
(+inf.0 385)
(7973715871201636437062582272.00 3)
(+inf.0 3)
(+inf.0 231)
(671814140415965991693975552.00 165)
(438751365871577166994472960.00 197)
(7973715871188778748087369728.00 11)
(438760790489361680558981120.00 175)
(438313825359086594404909056.00 191)
(438760790485880420587012096.00 175)
(438313825360009840574857216.00 197)
(+inf.0 385)
(438313825362642140131229696.00 199)
(7973715871197350540737511424.00 9)
(+inf.0 25)
(+inf.0 227)
(7973715871246640547499081728.00 7)
(+inf.0 215)
(+inf.0 191)
(438304801631490791396343808.00 199)
(+inf.0 15)
(+inf.0 175)
(+inf.0 21)
(+inf.0 213)
(+inf.0 199)
(7973715871190565454482505728.00 29)
(438322857186549882226212864.00 193)
(+inf.0 381)
(+inf.0 3)
(7973715871198421465062965248.00 5)
(+inf.0 21)
(+inf.0 389)
(+inf.0 397)
(438760790494117892982833152.00 193)
(438313825363497216580255744.00 197)
(+inf.0 187)
(7973715871195208692086603776.00 7)
(7973715871191993720086986752.00 9)
(7973715871198421465062965248.00 9)
(+inf.0 29)
(7973715871200564413225500672.00 11)
(+inf.0 7)
(438313873613133225406758912.00 229)
(7973715871191993720086986752.00 9)
(438313825362580498760597504.00 195)
(+inf.0 3)
(+inf.0 211)
(+inf.0 19)
(+inf.0 5)
(438313825361666873317392384.00 193)
(+inf.0 5)
(7973715871201636437062582272.00 7)
(438760790495937790885232640.00 197)
(+inf.0 9)
(438313825364423623846133760.00 199)
(+inf.0 177)
(7973715871201636437062582272.00 3)
(7973715871201636437062582272.00 3)
(7973715871204851409062199296.00 5)
(438313825363503676211068928.00 197)
(+inf.0 201)
(438760790502917696856784896.00 197)
(7973715871195208692086603776.00 7)
(7973715871191993720086986752.00 9)
(7973715871198421465062965248.00 5)
(438313825362583659856527360.00 195)
(671814140415701146830635008.00 163)
(+inf.0 19)
(7973715871198421465062965248.00 5)
(438313825362583659856527360.00 195)
(438313825360101993393160192.00 209)
(438313825361846712188010496.00 197)
(7973715871089128909750403072.00 7)
(6724989035850727924716011520.00 403)
(+inf.0 3)
(6724989035749480495983886336.00 403)
(438760790494106485549694976.00 199)
(7973715871195208692086603776.00 7)
(+inf.0 219)
(+inf.0 213)
(438313825363500377676185600.00 197)
(438313825364417301654274048.00 199)
(7973715908580682113447100416.00 13)
(438313825360006610759450624.00 197)
(7973715871204851409062199296.00 5)
(+inf.0 381)
(7973715871188778748087369728.00 11)
(438322857182873390220836864.00 185)
(438313825360746788243374080.00 191)
(438313825360750155497734144.00 195)
