(7 19 0.021467462815455557)
(15 5 0.8972897520305314)
(3 12 0.034300505648069725)
(4 16 0.02618158100704072)
(5 3 0.3234657858799432)
(14 10 0.09287287780685931)
(9 17 0.02363015892994423)
(17 1 2.88274645317702e+86)
(19 3 110.46198121467432)
(15 17 0.03143716981725172)
(19 8 0.0535003236864474)
(3 16 0.02618158100704072)
(10 8 0.0502589029357979)
(2 18 0.02219768929739122)
(19 15 0.11946085767729647)
(4 12 0.034300505648069725)
(4 8 0.060623809023872356)
(5 5 0.4031782747928774)
(17 17 0.03294052780160192)
(16 14 0.0877734809884482)
(5 4 0.21784251308036023)
(14 3 4.655292450035863)
(12 2 17.95581981811268)
(12 2 4978.651181453867)
(15 18 0.02586177411353612)
(10 2 1.473903445060754)
(17 8 3.109408219964699)
(9 16 0.033032040793022216)
(12 9 0.059983006928122015)
(16 17 0.023835458764299447)
(17 13 0.030687867723187132)
(8 6 0.13131681414605237)
(6 1 0.657744623479457)
(14 13 0.08003365790226269)
(7 14 0.030372418985094643)
(9 2 91.18717719247881)
(9 11 0.04724676957863885)
(8 15 0.0281155302113515)
(14 7 56.43618334181874)