(11 3 0.6274735630753033)
(11 2 0.5404763088546395)
(17 11 0.8711164930263436)
(19 18 0.983974444213354)
(10 17 1.184929413512433)
(3 6 1.2920296742201791)
(8 13 1.1760912590556811)
(7 13 1.2324867603589635)
(13 15 1.0462189153299533)
(3 11 1.5936926411670824)
(6 7 1.0566416671474377)
(4 5 1.0860331325016919)
(1 2 1.2618595071429148)
(11 19 1.1869717539906937)
(16 19 1.0533324751067528)
(18 16 0.9648297958439285)
(4 9 1.3382908331057726)
(19 12 0.8668214419824227)
(4 18 1.6719500161730103)
(14 5 0.701838730514401)
(3 12 1.6397385131955606)
(4 5 1.0860331325016919)
(5 10 1.276989408269624)
(0 17 4.247927513443585)
(7 13 1.2324867603589635)
(12 9 0.9086181061280522)
(13 5 0.7185650207899779)
(19 12 0.8668214419824227)
(10 5 0.783091851446946)
(4 15 1.5812464746045694)
(2 0 0.5)
(11 19 1.1869717539906937)
(6 12 1.2691183073525347)
(1 5 1.7712437491614221)
(7 13 1.2324867603589635)
(4 7 1.226294385530917)
(8 17 1.2787536009528289)
(14 1 0.3962406251802891)
(14 9 0.8648579046593244)
(3 17 1.8294828004351504)